4294967278,447
4294967278,446
4294967278,445
4294967278,444
4294967278,443
4294967278,442
4294967278,441
4294967279,455
4294967278,440
4294967278,439
4294967278,438
4294967278,437
4294967278,436
4294967278,435
4294967278,434
4294967278,433
4294967278,432
4294967278,431
4294967278,430
4294967278,429
4294967278,428
4294967278,427
4294967278,426
4294967278,425
4294967278,424
4294967278,423
4294967278,422
4294967278,421
4294967278,420
4294967278,419
4294967278,418
4294967279,454
4294967278,417
4294967278,416
4294967278,415
4294967278,414
4294967278,413
4294967278,412
4294967278,411
4294967294,430
4294967294,1425
4294967294,1446
4294967294,1432
4294967278,410
4294967278,409
4294967294,1445
4294967294,1433
4294967278,408
4294967278,407
4294967278,406
4294967278,405
4294967278,404
4294967278,403
4294967278,402
4294967294,1444
4294967278,401
4294967278,400
4294967294,1443
4294967278,399
4294967294,1442
4294967278,398
4294967278,397
4294967278,396
4294967294,1441
4294967278,395
4294967294,489
4294967294,488
4294967294,1440
4294967278,394
4294967294,487
4294967294,486
4294967294,1439
4294967294,485
4294967294,1438
4294967294,1437
4294967294,484
4294967278,393
4294967278,392
4294967294,483
4294967294,1436
4294967294,1434
4294967294,482
4294967294,481
4294967278,391
4294967294,480
4294967278,390
4294967278,389
4294967294,1435
4294967294,1430
4294967278,388
4294967294,479
14,11
4294967294,478
14,10
14,9
4294967294,1431
4294967294,1423
4294967294,477
4294967294,476
4294967294,475
4294967294,474
4294967294,1429
4294967278,387
14,8
14,7
14,6
14,5
14,4
14,3
14,2
14,1
4294967278,386
11,282
11,281
13,30
11,280
11,279
11,278
11,277
11,276
11,275
11,274
11,273
11,272
11,271
11,270
11,269
11,268
11,267
11,266
11,265
11,264
11,263
11,262
11,261
11,260
13,29
13,28
13,27
11,259
11,258
11,257
11,256
11,191
11,190
11,189
11,188
11,187
11,186
13,26
4294967279,453
11,185
11,184
11,183
11,182
4294967279,452
4294967279,451
4294967279,450
4294967279,449
4294967278,385
4294967278,384
4294967278,383
4294967279,448
13,25
13,24
13,23
13,22
4294967278,382
13,21
13,20
13,19
4294967278,381
4294967279,447
11,181
11,192
4294967279,446
13,18
13,17
13,16
13,15
4294967278,380
4294967278,379
13,14
13,13
13,12
13,11
11,180
11,179
11,178
11,177
11,176
11,175
11,174
11,173
11,172
11,171
11,170
11,169
11,168
11,167
11,166
11,165
11,164
11,163
11,162
11,161
11,160
11,159
11,158
11,157
11,156
11,155
11,154
11,153
11,152
11,151
13,10
13,9
11,150
11,149
11,148
4294967278,378
4294967279,445
4294967278,377
4294967279,444
4294967278,376
11,147
11,146
11,145
11,144
11,143
11,142
11,141
11,140
11,139
11,138
11,137
11,136
11,135
11,134
11,133
11,132
11,131
11,130
11,129
11,128
11,127
11,126
11,125
11,124
11,123
11,122
11,121
11,120
11,119
11,118
11,117
11,116
11,115
11,114
11,113
11,112
11,111
11,110
11,109
11,108
11,107
11,106
11,105
11,104
11,103
11,102
11,101
11,100
11,99
4294967279,443
4294967279,442
4294967278,375
4294967278,374
4294967279,441
4294967279,440
4294967278,373
4294967278,372
4294967278,371
4294967279,439
4294967279,438
4294967278,370
4294967279,437
4294967278,369
4294967279,436
4294967279,435
4294967278,368
4294967279,434
4294967279,433
4294967279,432
4294967278,367
4294967278,366
4294967279,431
4294967278,365
4294967278,364
4294967279,430
4294967279,429
4294967278,363
4294967279,428
4294967279,427
4294967278,362
4294967279,426
4294967278,361
4294967279,425
4294967278,360
11,98
11,97
11,96
11,95
4294967278,359
4294967279,424
11,94
11,93
11,92
11,91
11,90
11,89
11,88
11,87
11,86
11,85
11,84
11,83
11,82
11,81
11,80
11,79
11,78
11,77
11,76
11,75
11,74
11,73
11,72
11,71
11,70
11,69
11,68
11,67
11,66
11,65
11,64
11,38
11,37
11,36
11,35
11,34
11,33
11,32
11,31
11,30
11,29
11,28
11,27
11,26
11,25
11,24
11,23
11,22
11,21
11,20
11,19
11,18
11,17
11,16
11,15
4294967278,358
4294967279,423
4294967278,357
4294967278,356
4294967279,422
4294967278,355
4294967278,354
4294967278,353
4294967279,421
4294967278,352
4294967279,420
11,14
11,13
4294967279,419
4294967279,418
4294967279,417
4294967278,351
4294967279,416
4294967278,350
4294967278,349
4294967279,415
4294967278,348
4294967279,414
4294967278,347
4294967278,346
4294967279,413
11,12
4294967278,345
4294967278,344
4294967279,412
4294967278,343
4294967279,411
4294967279,410
11,11
11,10
11,9
11,8
4294967279,409
4294967278,342
11,7
4294967278,341
4294967279,408
4294967278,340
4294967278,339
4294967278,338
4294967279,407
4294967278,337
4294967279,406
4294967278,336
4294967279,405
4294967278,335
4294967279,404
4294967278,334
4294967279,403
4294967278,333
4294967279,402
4294967278,332
4294967279,401
4294967278,331
4294967279,400
4294967279,399
4294967279,398
4294967278,330
4294967278,329
4294967279,397
4294967278,328
4294967279,396
4294967278,327
4294967279,395
4294967278,326
4294967279,394
4294967278,325
4294967279,393
4294967278,324
4294967279,392
4294967278,323
4294967279,391
4294967278,322
4294967279,390
4294967278,321
4294967279,389
